results:
  mean: 0.9893788882962415
  std: 0.0046125139297692455
stettings:
  num_images: 2500
