results:
  mean_0: 0.9915377163359644
  mean_1: 0.9367863658939533
  mean_2: 0.9187838789444039
  mean_3: 0.9551740043942621
  mean_4: 0.9653452695084367
  mean_all: 0.953525447015404
  mean_fixed_angle: 0.9553062230125692
  std_0: 0.004529310989458005
  std_1: 0.006950626643682242
  std_2: 0.006305913554127781
  std_3: 0.009986195915328231
  std_4: 0.0014084947417107017
  std_all: 0.025631349296310644
  std_fixed_angle: 0.024909607284924452
stettings:
  num_angular_subsets: 50
