results:
  mean_0: 0.9944469929459077
  mean_1: 0.9273740280652345
  mean_2: 0.9079947340401989
  mean_3: 0.9517870950891737
  mean_4: 0.9603911556908394
  mean_all: 0.9483988011662707
  mean_fixed_angle: 0.9478546010838486
  std_0: 0.0011728546655571527
  std_1: 0.009005178169834212
  std_2: 0.006423068267662285
  std_3: 0.010027101965121393
  std_4: 0.0014559888532068837
  std_all: 0.030254421489993712
  std_fixed_angle: 0.029842277456056922
stettings:
  num_angular_subsets: 50
