results:
  mean: 0.991324600097357
  std: 0.0030619680738655872
stettings:
  num_images: 2500
