results:
  mean_0: 0.9637213711343874
  mean_1: 0.9058288593418525
  mean_2: 0.849106692002573
  mean_3: 0.9146641542840684
  mean_4: 0.9415494897633276
  mean_all: 0.9149741133052419
  mean_fixed_angle: 0.922689449995772
  std_0: 0.009751762289353271
  std_1: 0.012571071512783395
  std_2: 0.012200828597852858
  std_3: 0.022226073560070378
  std_4: 0.0062960231273499045
  std_all: 0.0410863040240484
  std_fixed_angle: 0.04687413427752704
stettings:
  num_angular_subsets: 50
