results:
  mean: 0.9897580198863354
  std: 0.0035631304206342716
stettings:
  num_images: 2500
