results:
  mean: 0.9934050616710972
  std: 0.0029725880780444593
stettings:
  num_images: 2500
