results:
  mean_0: 0.995276914011152
  mean_1: 0.9214130585880953
  mean_2: 0.88656721939793
  mean_3: 0.9445745975686922
  mean_4: 0.9611815554217941
  mean_all: 0.9418026689975327
  mean_fixed_angle: 0.9400764654244014
  std_0: 0.0005855233455098906
  std_1: 0.007580366737735139
  std_2: 0.007820829814392805
  std_3: 0.011605971792987127
  std_4: 0.001982422368052212
  std_all: 0.03732829909894338
  std_fixed_angle: 0.03745965154714148
stettings:
  num_angular_subsets: 50
