results:
  mean: 0.9910187471292927
  std: 0.0036192077096311487
stettings:
  num_images: 2500
