results:
  mean: 0.9913201411660874
  std: 0.004303952169394229
stettings:
  num_images: 2500
