results:
  mean: 0.9927040753471738
  std: 0.002459458891763698
stettings:
  num_images: 2500
