results:
  mean: 0.9931963384970264
  std: 0.0022066616921976386
stettings:
  num_images: 2500
