results:
  mean: 0.9930539382787571
  std: 0.002303756150708544
stettings:
  num_images: 2500
